DayOfMonth DayOfWeek(first letter) High(celsius) Low(celsius) ChanceOfPrecipitation     
1			w 						34				20			80					
2			t						31				25			83					
3			f 						32				24			70					
4			s 						32				21			67					
5			s 						29 				26			03					
6			m 						28				21			05					
7			t 						27				21			01					
8			w 						28				23		    20					
9			t  					 	26				22			15					
10			f   					27				22			00					
11			s 						29				22			09					
12			s   					28				23			40					
13			m 						30				25			20					
14			t 						32				25			39					
15			w 						29				24			33					
16			t 						29				25			04					
17			f 						29              20			29					
18			s 						27				20			76					
19			s 						26				22			73					
20			m   					29				23			89					
21			t     				    22				21			97					
22			w  						26				24			100					
23			t 						28				22			100					
24			f    					25				20			44					
25			s   					29				21			04					
26			s 						30				20			00					
27			m  						30				23			00					
28			t 						28				24			02					
29			w 						33				25			09					
30			t  						30				25			11					
